555555555555555555555555555555555555555555555555555555555555555
555555555555555555555555555555555555555555555555555555555555555
555555555555555555555555555555555555555555555555555555555555555
555555555555555555555555555555555555555555555555555555555555555
555555555555554444444444444444444444444444444444455555555555555
555555555555554444444444444444444444444444444444455555555555555
555555555555554444333333333333333333333333334444455555555555555
555555555555554444333333333333333333333333334444455555555555555
555555555555554444333333333333333333333333334444455555555555555
555555555555554444333332222222222222223333334444455555555555555
555555555555554444333332222222222222223333334444455555555555555
555555555555554444333332222222222222223333334444455555555555555
555555555555554444333332222222222222223333334444455555555555555
555555555555554444333332222222222222223333334444455555555555555
555555555555554444333332222222222222223333334444455555555555555
555555555555554444333332222222222222223333334444455555555555555
555555555555554444333333333333333333333333334444455555555555555
555555555555554444333333333333333333333333334444455555555555555
555555555555554444333333333333333333333333334444455555555555555
555555555555554444444444444444444444444444444444455555555555555
555555555555554444444444444444444444444444444444455555555555555
555555555555555555555555555555555555555555555555555555555555555
555555555555555555555555555555555555555555555555555555555555555
555555555555555555555555555555555555555555555555555555555555555
555555555555555555555555555555555555555555555555555555555555555
