555555555555555555555555555555555555555555555555555555555555555
555555555555555555555555555555555555555555555555555555555555555
555555555555555555555555555555555555555555555555555555555555555
555555555555555555555555555555555555555555555555555555555555555
555555555555556666666666666666666666666666666666655555555555555
555555555555556666666666666666666666666666666666655555555555555
555555555555556666777777777777777777777777776666655555555555555
555555555555556666777777777777777777777777776666655555555555555
555555555555556666777777777777777777777777776666655555555555555
555555555555556666777778888888888888887777776666655555555555555
555555555555556666777778888888888888887777776666655555555555555
555555555555556666777778888888888888887777776666655555555555555
555555555555556666777778888888888888887777776666655555555555555
555555555555556666777778888888888888887777776666655555555555555
555555555555556666777778888888888888887777776666655555555555555
555555555555556666777778888888888888887777776666655555555555555
555555555555556666777777777777777777777777776666655555555555555
555555555555556666777777777777777777777777776666655555555555555
555555555555556666777777777777777777777777776666655555555555555
555555555555556666666666666666666666666666666666655555555555555
555555555555556666666666666666666666666666666666655555555555555
555555555555555555555555555555555555555555555555555555555555555
555555555555555555555555555555555555555555555555555555555555555
555555555555555555555555555555555555555555555555555555555555555
555555555555555555555555555555555555555555555555555555555555555
